9.937062327620111472e-09 1.372303271988364550e-08 1.483613996645093369e-08 1.547226764215735962e-08 1.595833554683522347e-08 1.629024309812786067e-08 1.660717903749872948e-08 1.688077382450096544e-08 1.716718525976573844e-08 1.751937100412573409e-08 1.372303271988364550e-08 2.090333592010038781e-08 2.345259743963803406e-08 2.494108379713501863e-08 2.604213252003180981e-08 2.684232500870486904e-08 2.756208080118923246e-08 2.819859006908343303e-08 2.886982645220317393e-08 2.968580481654289351e-08 1.483613996645093369e-08 2.345259743963803406e-08 2.690401271610387607e-08 2.906587091327398621e-08 3.062537408627634546e-08 3.178509860348470486e-08 3.280853905919851871e-08 3.392431769939326989e-08 3.489454266370641228e-08 3.605119319499504616e-08 1.547226764215735962e-08 2.494108379713501863e-08 2.906587091327398621e-08 3.172712369799210000e-08 3.370090354310502940e-08 3.519116728796785991e-08 3.649351226012044886e-08 3.766322128147058243e-08 3.889085689000245988e-08 4.038417480813212077e-08 1.595833554683522347e-08 2.604213252003180981e-08 3.062537408627634546e-08 3.370090354310502940e-08 3.604538425821795375e-08 3.785189380347256671e-08 3.942370514946102631e-08 4.084009741600921556e-08 4.232433139177978225e-08 4.432088793115049620e-08 1.629024309812786067e-08 2.684232500870486904e-08 3.178509860348470486e-08 3.519116728796785991e-08 3.785189380347256671e-08 3.996268033207048146e-08 4.180867083259272433e-08 4.347821170726245083e-08 4.522539901528063429e-08 4.735339124400629930e-08 1.660717903749872948e-08 2.756208080118923246e-08 3.280853905919851871e-08 3.649351226012044886e-08 3.942370514946102631e-08 4.180867083259272433e-08 4.390424592791709874e-08 4.586650496918891258e-08 4.785968131186078968e-08 5.036200011184016365e-08 1.688077382450096544e-08 2.819859006908343303e-08 3.392431769939326989e-08 3.766322128147058243e-08 4.084009741600921556e-08 4.347821170726245083e-08 4.586650496918891258e-08 4.809235020967601527e-08 5.043629868695630477e-08 5.329558358062202611e-08 1.716718525976573844e-08 2.886982645220317393e-08 3.489454266370641228e-08 3.889085689000245988e-08 4.232433139177978225e-08 4.522539901528063429e-08 4.785968131186078968e-08 5.043629868695630477e-08 5.313028245780373588e-08 5.654286294940435780e-08 1.751937100412573409e-08 2.968580481654289351e-08 3.605119319499504616e-08 4.038417480813212077e-08 4.432088793115049620e-08 4.735339124400629930e-08 5.036200011184016365e-08 5.329558358062202611e-08 5.654286294940435780e-08 6.069000530422859976e-08
9.676542256804348074e-09 1.344971019670043272e-08 1.455144510869707325e-08 1.520084071067049633e-08 1.565783846384645017e-08 1.601958510057842650e-08 1.631815732323574473e-08 1.660072404821164522e-08 1.687819604941453260e-08 1.723522039928058043e-08 1.344971019670043272e-08 2.065754393995334698e-08 2.321595167290819751e-08 2.474094598053349441e-08 2.580920339101909331e-08 2.665677451612668112e-08 2.736501723336259232e-08 2.802231907623022249e-08 2.868166247580366175e-08 2.967214625370276854e-08 1.455144510869707325e-08 2.321595167290819751e-08 2.688551968951229358e-08 2.904528588447712515e-08 3.063128809778187116e-08 3.182679306081064056e-08 3.282712780172587375e-08 3.378648745265826033e-08 3.477063653903367280e-08 3.594276389447531577e-08 1.520084071067049633e-08 2.474094598053349441e-08 2.904528588447712515e-08 3.164310261884750594e-08 3.360198698433600290e-08 3.516108573839637624e-08 3.646983398010856449e-08 3.767556885958758418e-08 3.890229970174737383e-08 4.043470079045192865e-08 1.565783846384645017e-08 2.580920339101909331e-08 3.063128809778187116e-08 3.360198698433600290e-08 3.593970369337145374e-08 3.800920988060074073e-08 3.957131712816316814e-08 4.104656073335834864e-08 4.257037560279562296e-08 4.439396230635736599e-08 1.601958510057842650e-08 2.665677451612668112e-08 3.182679306081064056e-08 3.516108573839637624e-08 3.800920988060074073e-08 4.017598200561319084e-08 4.202339768418247486e-08 4.376111257415272020e-08 4.555877641098401825e-08 4.771491857473906013e-08 1.631815732323574473e-08 2.736501723336259232e-08 3.282712780172587375e-08 3.646983398010856449e-08 3.957131712816316814e-08 4.202339768418247486e-08 4.415198206918592058e-08 4.616252760361654230e-08 4.824663080035599532e-08 5.063639474168846955e-08 1.660072404821164522e-08 2.802231907623022249e-08 3.378648745265826033e-08 3.767556885958758418e-08 4.104656073335834864e-08 4.376111257415272020e-08 4.616252760361654230e-08 4.847692084023571189e-08 5.089129004464672485e-08 5.380022136878154833e-08 1.687819604941453260e-08 2.868166247580366175e-08 3.477063653903367280e-08 3.890229970174737383e-08 4.257037560279562296e-08 4.555877641098401825e-08 4.824663080035599532e-08 5.089129004464672485e-08 5.371457013789696726e-08 5.715304869431383105e-08 1.723522039928058043e-08 2.967214625370276854e-08 3.594276389447531577e-08 4.043470079045192865e-08 4.439396230635736599e-08 4.771491857473906013e-08 5.063639474168846955e-08 5.380022136878154833e-08 5.715304869431383105e-08 6.139431493319553537e-08
9.469113219387340057e-09 1.318065610004093412e-08 1.427077804151501497e-08 1.491834101178445952e-08 1.537384366607714841e-08 1.573453660565288560e-08 1.603251883868884612e-08 1.631414056492246465e-08 1.659081928555652631e-08 1.694686549699385157e-08 1.318065610004093412e-08 2.038758533550263041e-08 2.296542263555481665e-08 2.450239217806755678e-08 2.557876100255222296e-08 2.652394465700987215e-08 2.721845265492742438e-08 2.789535473472427934e-08 2.858289506638402500e-08 2.940098087177103742e-08 1.427077804151501497e-08 2.296542263555481665e-08 2.660878908676482318e-08 2.879556303219009243e-08 3.040012994385797068e-08 3.161096349747154469e-08 3.262445976222142975e-08 3.359475862529963324e-08 3.459185757330155187e-08 3.577829874777229964e-08 1.491834101178445952e-08 2.450239217806755678e-08 2.879556303219009243e-08 3.153228551680734132e-08 3.356952686616644541e-08 3.507757905152480868e-08 3.640776620153596100e-08 3.763248331572589388e-08 3.887924370745543861e-08 4.043608445846657427e-08 1.537384366607714841e-08 2.557876100255222296e-08 3.040012994385797068e-08 3.356952686616644541e-08 3.601372447400897329e-08 3.790647140073598243e-08 3.949782728410367337e-08 4.099865475450487890e-08 4.255079937215432182e-08 4.440732103986076992e-08 1.573453660565288560e-08 2.652394465700987215e-08 3.161096349747154469e-08 3.507757905152480868e-08 3.790647140073598243e-08 4.011704616609525570e-08 4.200271303079572259e-08 4.377426085655044991e-08 4.560887243255240988e-08 4.780844467644598060e-08 1.603251883868884612e-08 2.721845265492742438e-08 3.262445976222142975e-08 3.640776620153596100e-08 3.949782728410367337e-08 4.200271303079572259e-08 4.417867215033155578e-08 4.623196806903846895e-08 4.836240204425256364e-08 5.092174395546956760e-08 1.631414056492246465e-08 2.789535473472427934e-08 3.359475862529963324e-08 3.763248331572589388e-08 4.099865475450487890e-08 4.377426085655044991e-08 4.623196806903846895e-08 4.859933940569897294e-08 5.107125160510892089e-08 5.404881987796709506e-08 1.659081928555652631e-08 2.858289506638402500e-08 3.459185757330155187e-08 3.887924370745543861e-08 4.255079937215432182e-08 4.560887243255240988e-08 4.836240204425256364e-08 5.107125160510892089e-08 5.396634739380708722e-08 5.749215056635981645e-08 1.694686549699385157e-08 2.940098087177103742e-08 3.577829874777229964e-08 4.043608445846657427e-08 4.440732103986076992e-08 4.780844467644598060e-08 5.092174395546956760e-08 5.404881987796709506e-08 5.749215056635981645e-08 6.184997309442176293e-08
9.223635840646404720e-09 1.290126191993310884e-08 1.397062641342780637e-08 1.461531481104644446e-08 1.506860864483172189e-08 1.542764814307137017e-08 1.572455592274922633e-08 1.600477765238020838e-08 1.628023258252443203e-08 1.663471906611511649e-08 1.290126191993310884e-08 2.008877949180606096e-08 2.268267500424248461e-08 2.422931415620957355e-08 2.535539053921140652e-08 2.619263831420438902e-08 2.689183019723242473e-08 2.757190553341873035e-08 2.826418395782353949e-08 2.908681031427313555e-08 1.397062641342780637e-08 2.268267500424248461e-08 2.627451306119711694e-08 2.850989539402238751e-08 3.008099685120090708e-08 3.132830922593000816e-08 3.237485179442143386e-08 3.333973551739200127e-08 3.431786935401959538e-08 3.554456972597189807e-08 1.461531481104644446e-08 2.422931415620957355e-08 2.850989539402238751e-08 3.128048769632227340e-08 3.334597851781800083e-08 3.492515306332504592e-08 3.624923400334364041e-08 3.750341184740176099e-08 3.879974471349814469e-08 4.038928116667887085e-08 1.506860864483172189e-08 2.535539053921140652e-08 3.008099685120090708e-08 3.334597851781800083e-08 3.582989917168061628e-08 3.775566731241648282e-08 3.937523968144435910e-08 4.087079533505771275e-08 4.241503325679648100e-08 4.433665601511305774e-08 1.542764814307137017e-08 2.619263831420438902e-08 3.132830922593000816e-08 3.492515306332504592e-08 3.775566731241648282e-08 4.000887272442938501e-08 4.193183822841208496e-08 4.373727030899802600e-08 4.556997841706297264e-08 4.784527318819841933e-08 1.572455592274922633e-08 2.689183019723242473e-08 3.237485179442143386e-08 3.624923400334364041e-08 3.937523968144435910e-08 4.193183822841208496e-08 4.415432434852030575e-08 4.624951017052759441e-08 4.842542293223319955e-08 5.103865496228962054e-08 1.600477765238020838e-08 2.757190553341873035e-08 3.333973551739200127e-08 3.750341184740176099e-08 4.087079533505771275e-08 4.373727030899802600e-08 4.624951017052759441e-08 4.868398826460641955e-08 5.117501461230424015e-08 5.425858691099099895e-08 1.628023258252443203e-08 2.826418395782353949e-08 3.431786935401959538e-08 3.879974471349814469e-08 4.241503325679648100e-08 4.556997841706297264e-08 4.842542293223319955e-08 5.117501461230424015e-08 5.410088141004974260e-08 5.775109608698937339e-08 1.663471906611511649e-08 2.908681031427313555e-08 3.554456972597189807e-08 4.038928116667887085e-08 4.433665601511305774e-08 4.784527318819841933e-08 5.103865496228962054e-08 5.425858691099099895e-08 5.775109608698937339e-08 6.226758428939390040e-08
8.966968204464578263e-09 1.260057865910551683e-08 1.360875429769524227e-08 1.429361135360561892e-08 1.470717382033163268e-08 1.510076045954886175e-08 1.539610247281827492e-08 1.562078013682512376e-08 1.590178293552613444e-08 1.630060170737677216e-08 1.260057865910551683e-08 1.976270816350754685e-08 2.233312660285808060e-08 2.385962396605724492e-08 2.498996096730410298e-08 2.583140251890380909e-08 2.653437045119208078e-08 2.726883268211297576e-08 2.794164942580466393e-08 2.879258475102842799e-08 1.360875429769524227e-08 2.233312660285808060e-08 2.599386907458289441e-08 2.825224516880563858e-08 2.983942506897509052e-08 3.109955305102516582e-08 3.215738551688611481e-08 3.313197219770374287e-08 3.412061239122250905e-08 3.535992981883031114e-08 1.429361135360561892e-08 2.385962396605724492e-08 2.825224516880563858e-08 3.099439296805068718e-08 3.308627125190011382e-08 3.468742683142463969e-08 3.603029014987850177e-08 3.730033036893830516e-08 3.861489678353549818e-08 4.018086971801063437e-08 1.470717382033163268e-08 2.498996096730410298e-08 2.983942506897509052e-08 3.308627125190011382e-08 3.560803274111098807e-08 3.759281720117501253e-08 3.926451018958890687e-08 4.080011038552884925e-08 4.237015065828706341e-08 4.432307372503952269e-08 1.510076045954886175e-08 2.583140251890380909e-08 3.109955305102516582e-08 3.468742683142463969e-08 3.759281720117501253e-08 3.992117859617704711e-08 4.190373051331996798e-08 4.372550790904296764e-08 4.559268043480806530e-08 4.790985974061249696e-08 1.539610247281827492e-08 2.653437045119208078e-08 3.215738551688611481e-08 3.603029014987850177e-08 3.926451018958890687e-08 4.190373051331996798e-08 4.419933865282637078e-08 4.632493075222747149e-08 4.850944276044924906e-08 5.110975685915699375e-08 1.562078013682512376e-08 2.726883268211297576e-08 3.313197219770374287e-08 3.730033036893830516e-08 4.080011038552884925e-08 4.372550790904296764e-08 4.632493075222747149e-08 4.877962096290897550e-08 5.132633160019743045e-08 5.447779719356810963e-08 1.590178293552613444e-08 2.794164942580466393e-08 3.412061239122250905e-08 3.861489678353549818e-08 4.237015065828706341e-08 4.559268043480806530e-08 4.850944276044924906e-08 5.132633160019743045e-08 5.432262435390560736e-08 5.806011341734392423e-08 1.630060170737677216e-08 2.879258475102842799e-08 3.535992981883031114e-08 4.018086971801063437e-08 4.432307372503952269e-08 4.790985974061249696e-08 5.110975685915699375e-08 5.447779719356810963e-08 5.806011341734392423e-08 6.269448945101693927e-08
8.695436352646400987e-09 1.215848027977213158e-08 1.322984885420985199e-08 1.384687740566356551e-08 1.431825513693455220e-08 1.465643431930515322e-08 1.493717227628539062e-08 1.522384006714491036e-08 1.550278052541377214e-08 1.584037409711264339e-08 1.215848027977213158e-08 1.941343640606357139e-08 2.193971965068461510e-08 2.347141014785394583e-08 2.460450021929007402e-08 2.554831578102045296e-08 2.627459052016714527e-08 2.694611574375731909e-08 2.762164273268232393e-08 2.847561312903564466e-08 1.322984885420985199e-08 2.193971965068461510e-08 2.568183454971303845e-08 2.796057155884208391e-08 2.956201471105543102e-08 3.083348349289017334e-08 3.190136963479271304e-08 3.288452803084869650e-08 3.388256240578731873e-08 3.513304209238830669e-08 1.384687740566356551e-08 2.347141014785394583e-08 2.796057155884208391e-08 3.084599859767357102e-08 3.279874793087755257e-08 3.442045479547486468e-08 3.578088519187495992e-08 3.706560984918623101e-08 3.839719046469955698e-08 3.998253639650062818e-08 1.431825513693455220e-08 2.460450021929007402e-08 2.956201471105543102e-08 3.279874793087755257e-08 3.541358086707237081e-08 3.742786516471509500e-08 3.912558840921540438e-08 4.068433824370805895e-08 4.227895985840822364e-08 4.426158776171721488e-08 1.465643431930515322e-08 2.554831578102045296e-08 3.083348349289017334e-08 3.442045479547486468e-08 3.742786516471509500e-08 3.979620172075229488e-08 4.181384106268808655e-08 4.366710827958614496e-08 4.556755430129512331e-08 4.792505694780002196e-08 1.493717227628539062e-08 2.627459052016714527e-08 3.190136963479271304e-08 3.578088519187495992e-08 3.912558840921540438e-08 4.181384106268808655e-08 4.415402511212628836e-08 4.632043794792807502e-08 4.854800439758188680e-08 5.130624439850902493e-08 1.522384006714491036e-08 2.694611574375731909e-08 3.288452803084869650e-08 3.706560984918623101e-08 4.068433824370805895e-08 4.366710827958614496e-08 4.632043794792807502e-08 4.882639814556008850e-08 5.142782258923001780e-08 5.464588780397446957e-08 1.550278052541377214e-08 2.762164273268232393e-08 3.388256240578731873e-08 3.839719046469955698e-08 4.227895985840822364e-08 4.556755430129512331e-08 4.854800439758188680e-08 5.142782258923001780e-08 5.449379472680796796e-08 5.831757620354380095e-08 1.584037409711264339e-08 2.847561312903564466e-08 3.513304209238830669e-08 3.998253639650062818e-08 4.426158776171721488e-08 4.792505694780002196e-08 5.130624439850902493e-08 5.464588780397446957e-08 5.831757620354380095e-08 6.306944716220506309e-08
8.407755061185781859e-09 1.179392205935688550e-08 1.285476300058541444e-08 1.346548561523560586e-08 1.393172267920882314e-08 1.426658678526754133e-08 1.454472549107212787e-08 1.482808143363142164e-08 1.510456891834161354e-08 1.543850806755911177e-08 1.179392205935688550e-08 1.891766176168441081e-08 2.153796767911111070e-08 2.307286628730645651e-08 2.432407569984889323e-08 2.519272846657567671e-08 2.592095472664424664e-08 2.659369396946689235e-08 2.727097898631898496e-08 2.812673129680540503e-08 1.285476300058541444e-08 2.153796767911111070e-08 2.534247722312619261e-08 2.763878277899150217e-08 2.925256308883382471e-08 3.053381384871323291e-08 3.161043796900771014e-08 3.260097132702184757e-08 3.360721686087662922e-08 3.486731551938021653e-08 1.346548561523560586e-08 2.307286628730645651e-08 2.763878277899150217e-08 3.055557010667243195e-08 3.265143346180198042e-08 3.432029444746968527e-08 3.550847728837989017e-08 3.680664030022123057e-08 3.815392418374291423e-08 3.975715264056432406e-08 1.393172267920882314e-08 2.432407569984889323e-08 2.925256308883382471e-08 3.265143346180198042e-08 3.518095372396907626e-08 3.722359405042431401e-08 3.894584953261495745e-08 4.052638761843446726e-08 4.214424096747472638e-08 4.415481899880559672e-08 1.426658678526754133e-08 2.519272846657567671e-08 3.053381384871323291e-08 3.432029444746968527e-08 3.722359405042431401e-08 3.963011524249077435e-08 4.168134540990380244e-08 4.356474434544017720e-08 4.549711939481807945e-08 4.789319442099430043e-08 1.454472549107212787e-08 2.592095472664424664e-08 3.161043796900771014e-08 3.550847728837989017e-08 3.894584953261495745e-08 4.168134540990380244e-08 4.406464702430256754e-08 4.627057317850570598e-08 4.853990518672490866e-08 5.134873712104573728e-08 1.482808143363142164e-08 2.659369396946689235e-08 3.260097132702184757e-08 3.680664030022123057e-08 4.052638761843446726e-08 4.356474434544017720e-08 4.627057317850570598e-08 4.882658803736895497e-08 5.148155428384643903e-08 5.476467690568096952e-08 1.510456891834161354e-08 2.727097898631898496e-08 3.360721686087662922e-08 3.815392418374291423e-08 4.214424096747472638e-08 4.549711939481807945e-08 4.853990518672490866e-08 5.148155428384643903e-08 5.461623096764181445e-08 5.852504100988973778e-08 1.543850806755911177e-08 2.812673129680540503e-08 3.486731551938021653e-08 3.975715264056432406e-08 4.415481899880559672e-08 4.789319442099430043e-08 5.134873712104573728e-08 5.476467690568096952e-08 5.852504100988973778e-08 6.339368923087394588e-08
8.106397519504031358e-09 1.144086714151762299e-08 1.248982867313692050e-08 1.309351792965052050e-08 1.355403525651513651e-08 1.388518428196784888e-08 1.416036208546164431e-08 1.444006361457445192e-08 1.471373156747155163e-08 1.504362286979438107e-08 1.144086714151762299e-08 1.851299021633957518e-08 2.128940169797097915e-08 2.284868046333738066e-08 2.395938956006394315e-08 2.481289823719316961e-08 2.555932208754753956e-08 2.621492030730421613e-08 2.690462340342115691e-08 2.774921151088467656e-08 1.248982867313692050e-08 2.128940169797097915e-08 2.498971259802968735e-08 2.730850350170992339e-08 2.893606541397645342e-08 3.019627538808124684e-08 3.131131034173915609e-08 3.228618919372868335e-08 3.331485869810818880e-08 3.457470161785041972e-08 1.309351792965052050e-08 2.284868046333738066e-08 2.730850350170992339e-08 3.023487704965615138e-08 3.238295734654556638e-08 3.403773402113293407e-08 3.545629008129801361e-08 3.675864762410430639e-08 3.811537857782460375e-08 3.951022115412454218e-08 1.355403525651513651e-08 2.395938956006394315e-08 2.893606541397645342e-08 3.238295734654556638e-08 3.494844740724823631e-08 3.698570002172519877e-08 3.876493027476467098e-08 4.034301167030883309e-08 4.199865100114143215e-08 4.402743602106171358e-08 1.388518428196784888e-08 2.481289823719316961e-08 3.019627538808124684e-08 3.403773402113293407e-08 3.698570002172519877e-08 3.942512229246284434e-08 4.151203892949044028e-08 4.342028872367042049e-08 4.537834229523465155e-08 4.781577968664397165e-08 1.416036208546164431e-08 2.555932208754753956e-08 3.131131034173915609e-08 3.545629008129801361e-08 3.876493027476467098e-08 4.151203892949044028e-08 4.397250342025490359e-08 4.619291614845338502e-08 4.851872375537560494e-08 5.136846005695293517e-08 1.444006361457445192e-08 2.621492030730421613e-08 3.228618919372868335e-08 3.675864762410430639e-08 4.034301167030883309e-08 4.342028872367042049e-08 4.619291614845338502e-08 4.878163033408438008e-08 5.149651232425768312e-08 5.483512090883408529e-08 1.471373156747155163e-08 2.690462340342115691e-08 3.331485869810818880e-08 3.811537857782460375e-08 4.199865100114143215e-08 4.537834229523465155e-08 4.851872375537560494e-08 5.149651232425768312e-08 5.471478617292922266e-08 5.869907779424821951e-08 1.504362286979438107e-08 2.774921151088467656e-08 3.457470161785041972e-08 3.951022115412454218e-08 4.402743602106171358e-08 4.781577968664397165e-08 5.136846005695293517e-08 5.483512090883408529e-08 5.869907779424821951e-08 6.366753438223273804e-08
7.655609641928510226e-09 1.123625964363580608e-08 1.228150511090411797e-08 1.290013441767377046e-08 1.333489047799529813e-08 1.365974404947036935e-08 1.396326424642187778e-08 1.421476153222261924e-08 1.448944676800580540e-08 1.482024119379593247e-08 1.123625964363580608e-08 1.811215752153275136e-08 2.086836918302823630e-08 2.243870631562650450e-08 2.353529793755283115e-08 2.437790082939754547e-08 2.513368568379977292e-08 2.578582330203519022e-08 2.647787060562855945e-08 2.732494228677277119e-08 1.228150511090411797e-08 2.086836918302823630e-08 2.458174472724070303e-08 2.691171215254785833e-08 2.854695713191969085e-08 2.981433746096132832e-08 3.093407842238803646e-08 3.191449553596390181e-08 3.294797782413755495e-08 3.421444630591778858e-08 1.290013441767377046e-08 2.243870631562650450e-08 2.691171215254785833e-08 2.988942848877671727e-08 3.202858322466553452e-08 3.369949921736081030e-08 3.516284084542988171e-08 3.645505744282103560e-08 3.781251404738708595e-08 3.947649375289192266e-08 1.333489047799529813e-08 2.353529793755283115e-08 2.854695713191969085e-08 3.202858322466553452e-08 3.462284608086640317e-08 3.668519630090451404e-08 3.848431102792586124e-08 4.008187746484201173e-08 4.175676964800340916e-08 4.380987986599052832e-08 1.365974404947036935e-08 2.437790082939754547e-08 2.981433746096132832e-08 3.369949921736081030e-08 3.668519630090451404e-08 3.912902387512355409e-08 4.127520230164833999e-08 4.319112195914495259e-08 4.519715221210039161e-08 4.765603275780244372e-08 1.396326424642187778e-08 2.513368568379977292e-08 3.093407842238803646e-08 3.516284084542988171e-08 3.848431102792586124e-08 4.127520230164833999e-08 4.377401506774475568e-08 4.603161462115197218e-08 4.839513124991882767e-08 5.129178568175745124e-08 1.421476153222261924e-08 2.578582330203519022e-08 3.191449553596390181e-08 3.645505744282103560e-08 4.008187746484201173e-08 4.319112195914495259e-08 4.603161462115197218e-08 4.866000618138136775e-08 5.143270765988610368e-08 5.483255837140198087e-08 1.448944676800580540e-08 2.647787060562855945e-08 3.294797782413755495e-08 3.781251404738708595e-08 4.175676964800340916e-08 4.519715221210039161e-08 4.839513124991882767e-08 5.143270765988610368e-08 5.471605538447377311e-08 5.878234159868786614e-08 1.482024119379593247e-08 2.732494228677277119e-08 3.421444630591778858e-08 3.947649375289192266e-08 4.380987986599052832e-08 4.765603275780244372e-08 5.129178568175745124e-08 5.483255837140198087e-08 5.878234159868786614e-08 6.387351196165829597e-08
7.391712588851774529e-09 1.088019929578453654e-08 1.190993311608467321e-08 1.251937545632165094e-08 1.294743603834681446e-08 1.326779722462837626e-08 1.356649365956224747e-08 1.381450115025646463e-08 1.408488425027826891e-08 1.441095969295768985e-08 1.088019929578453654e-08 1.771199548971519387e-08 2.043028043620802973e-08 2.199652121566957808e-08 2.308990608974973846e-08 2.393100087427169151e-08 2.468416314148248759e-08 2.533514618156031955e-08 2.602510179973291906e-08 2.687027076116742251e-08 1.190993311608467321e-08 2.043028043620802973e-08 2.415115761066060409e-08 2.648898903060322391e-08 2.812962212145160047e-08 2.940235827281139142e-08 3.052521186652070852e-08 3.150977982630468911e-08 3.254663915164775055e-08 3.381791226714115905e-08 1.251937545632165094e-08 2.199652121566957808e-08 2.648898903060322391e-08 2.948702151529149888e-08 3.164179417455353244e-08 3.332636289546360419e-08 3.479978651296791597e-08 3.610256788100989387e-08 3.747003573537025340e-08 3.914694935710493484e-08 1.294743603834681446e-08 2.308990608974973846e-08 2.812962212145160047e-08 3.164179417455353244e-08 3.426746521575089640e-08 3.634711080037633747e-08 3.816412059320566307e-08 3.977942956979646576e-08 4.147177172326822410e-08 4.354693001311316550e-08 1.326779722462837626e-08 2.393100087427169151e-08 2.940235827281139142e-08 3.332636289546360419e-08 3.634711080037633747e-08 3.882335856941389318e-08 4.099630776270836945e-08 4.293818251521071726e-08 4.497019491978256956e-08 4.746156572938197213e-08 1.356649365956224747e-08 2.468416314148248759e-08 3.052521186652070852e-08 3.479978651296791597e-08 3.816412059320566307e-08 4.099630776270836945e-08 4.353133599110777109e-08 4.582426645739188148e-08 4.822357402054447188e-08 5.116472412882178657e-08 1.381450115025646463e-08 2.533514618156031955e-08 3.150977982630468911e-08 3.610256788100989387e-08 3.977942956979646576e-08 4.293818251521071726e-08 4.582426645739188148e-08 4.849867221006269958e-08 5.131912011814523713e-08 5.477817427963369848e-08 1.408488425027826891e-08 2.602510179973291906e-08 3.254663915164775055e-08 3.747003573537025340e-08 4.147177172326822410e-08 4.497019491978256956e-08 4.822357402054447188e-08 5.131912011814523713e-08 5.466574766429365227e-08 5.881179171052608398e-08 1.441095969295768985e-08 2.687027076116742251e-08 3.381791226714115905e-08 3.914694935710493484e-08 4.354693001311316550e-08 4.746156572938197213e-08 5.116472412882178657e-08 5.477817427963369848e-08 5.881179171052608398e-08 6.401580513561475563e-08
7.137060406768679040e-09 1.052535664131231425e-08 1.153800066158354599e-08 1.213734410189264575e-08 1.255807759472483161e-08 1.287344088486707194e-08 1.316686784778443290e-08 1.341100489378891091e-08 1.367669840520242719e-08 1.399754035117758315e-08 1.052535664131231425e-08 1.730707796063127423e-08 2.001885742908453689e-08 2.153730511978084565e-08 2.265878065171359894e-08 2.352098696156106762e-08 2.424538578778832959e-08 2.491254764932131655e-08 2.558644534773937541e-08 2.643578999449605784e-08 1.153800066158354599e-08 2.001885742908453689e-08 2.373754474529881181e-08 2.607252715077959316e-08 2.771376598352549776e-08 2.901667664131222594e-08 3.011327585398253961e-08 3.111984886374400196e-08 3.214541142548788621e-08 3.342657612588352462e-08 1.213734410189264575e-08 2.153730511978084565e-08 2.607252715077959316e-08 2.905686962876968070e-08 3.124361464113530602e-08 3.296773919179390913e-08 3.441988429841541412e-08 3.575129298955645871e-08 3.711358087865731521e-08 3.861977131859912889e-08 1.255807759472483161e-08 2.265878065171359894e-08 2.771376598352549776e-08 3.124361464113530602e-08 3.388360833933757334e-08 3.601841314299479980e-08 3.782061010561608133e-08 3.947193686132296594e-08 4.116620911493816550e-08 4.326746014869053324e-08 1.287344088486707194e-08 2.352098696156106762e-08 2.901667664131222594e-08 3.296773919179390913e-08 3.601841314299479980e-08 3.855557120833489709e-08 4.072237985743288131e-08 4.270941721606099153e-08 4.475246964206665398e-08 4.728103388925448135e-08 1.316686784778443290e-08 2.424538578778832959e-08 3.011327585398253961e-08 3.441988429841541412e-08 3.782061010561608133e-08 4.072237985743288131e-08 4.325917296362772630e-08 4.560622827689187897e-08 4.802557236053522495e-08 5.101493761281148302e-08 1.341100489378891091e-08 2.491254764932131655e-08 3.111984886374400196e-08 3.575129298955645871e-08 3.947193686132296594e-08 4.270941721606099153e-08 4.560622827689187897e-08 4.834591834122300941e-08 5.119859038834454461e-08 5.472082753956652400e-08 1.367669840520242719e-08 2.558644534773937541e-08 3.214541142548788621e-08 3.711358087865731521e-08 4.116620911493816550e-08 4.475246964206665398e-08 4.802557236053522495e-08 5.119859038834454461e-08 5.459293875321911634e-08 5.882270953333034455e-08 1.399754035117758315e-08 2.643578999449605784e-08 3.342657612588352462e-08 3.861977131859912889e-08 4.326746014869053324e-08 4.728103388925448135e-08 5.101493761281148302e-08 5.472082753956652400e-08 5.882270953333034455e-08 6.414369057588978203e-08
6.893308168350802416e-09 1.012320374108268064e-08 1.116695710165549568e-08 1.169237595906221986e-08 1.212459103823506198e-08 1.242785823056242109e-08 1.276574631431728887e-08 1.295348869671027345e-08 1.326627924210061373e-08 1.352779459304896091e-08 1.012320374108268064e-08 1.689349208322592613e-08 1.945981895213532828e-08 2.098309866570240517e-08 2.209620417910300604e-08 2.292537215959586800e-08 2.365323164178997964e-08 2.430267687696463183e-08 2.499072862268438746e-08 2.582285964023228549e-08 1.116695710165549568e-08 1.945981895213532828e-08 2.318396586138371340e-08 2.549805328782312370e-08 2.717644422872877737e-08 2.845155276768293556e-08 2.955431574046246365e-08 3.054794921335553276e-08 3.159489367727763996e-08 3.286377662036106460e-08 1.169237595906221986e-08 2.098309866570240517e-08 2.549805328782312370e-08 2.849339763601108971e-08 3.070545366153265055e-08 3.240849809095897849e-08 3.387143266484020166e-08 3.519530934140610001e-08 3.658634995317782515e-08 3.825235927090850228e-08 1.212459103823506198e-08 2.209620417910300604e-08 2.717644422872877737e-08 3.070545366153265055e-08 3.340440676895879336e-08 3.552722066417938062e-08 3.734730564174549767e-08 3.899867597330375816e-08 4.072982136079793289e-08 4.283359742120277553e-08 1.242785823056242109e-08 2.292537215959586800e-08 2.845155276768293556e-08 3.240849809095897849e-08 3.552722066417938062e-08 3.806130973838799005e-08 4.025356968867644780e-08 4.224906368832819580e-08 4.433739232347772130e-08 4.687795871488998857e-08 1.276574631431728887e-08 2.365323164178997964e-08 2.955431574046246365e-08 3.387143266484020166e-08 3.734730564174549767e-08 4.025356968867644780e-08 4.282358225527610225e-08 4.518810383970608955e-08 4.766176474780163237e-08 5.067358589721793320e-08 1.295348869671027345e-08 2.430267687696463183e-08 3.054794921335553276e-08 3.519530934140610001e-08 3.899867597330375816e-08 4.224906368832819580e-08 4.518810383970608955e-08 4.795688739703120682e-08 5.087637678795533651e-08 5.443597507983957911e-08 1.326627924210061373e-08 2.499072862268438746e-08 3.159489367727763996e-08 3.658634995317782515e-08 4.072982136079793289e-08 4.433739232347772130e-08 4.766176474780163237e-08 5.087637678795533651e-08 5.435335298607469274e-08 5.864086205650739878e-08 1.352779459304896091e-08 2.582285964023228549e-08 3.286377662036106460e-08 3.825235927090850228e-08 4.283359742120277553e-08 4.687795871488998857e-08 5.067358589721793320e-08 5.443597507983957911e-08 5.864086205650739878e-08 6.405216794783262783e-08
6.639423880695939028e-09 9.766160030867564026e-09 1.074376297498269067e-08 1.130379025874068186e-08 1.172694424490535257e-08 1.202455466422242893e-08 1.230009411806044098e-08 1.253934960020499976e-08 1.279296224758403822e-08 1.310216421708850080e-08 9.766160030867564026e-09 1.646727203038336150e-08 1.903449016609862893e-08 2.048644929732882690e-08 2.159007863165147918e-08 2.241391618459646215e-08 2.313555581185128483e-08 2.378030179107751254e-08 2.446317259883970798e-08 2.528898055361930752e-08 1.074376297498269067e-08 1.903449016609862893e-08 2.268763427132297029e-08 2.499970984766816778e-08 2.667501836236686701e-08 2.795006112731129700e-08 2.905089744049277095e-08 3.004388077902607716e-08 3.108977689266424385e-08 3.235742013022010374e-08 1.130379025874068186e-08 2.048644929732882690e-08 2.499970984766816778e-08 2.800357778861856543e-08 3.025776879319039553e-08 3.197266368456151908e-08 3.341290826644403379e-08 3.476023917543110632e-08 3.616759833825828058e-08 3.783978692779808600e-08 1.172694424490535257e-08 2.159007863165147918e-08 2.667501836236686701e-08 3.025776879319039553e-08 3.293505627222229551e-08 3.507335959094831603e-08 3.690460447512382677e-08 3.856742122636152394e-08 4.031000406820582882e-08 4.242784221718848934e-08 1.202455466422242893e-08 2.241391618459646215e-08 2.795006112731129700e-08 3.197266368456151908e-08 3.507335959094831603e-08 3.763196477623840752e-08 3.984376859924658900e-08 4.185851052743841698e-08 4.396634044898364476e-08 4.653085752143753780e-08 1.230009411806044098e-08 2.313555581185128483e-08 2.905089744049277095e-08 3.341290826644403379e-08 3.690460447512382677e-08 3.984376859924658900e-08 4.244238331048911527e-08 4.483523798428781070e-08 4.733787025118766189e-08 5.041167640419047493e-08 1.253934960020499976e-08 2.378030179107751254e-08 3.004388077902607716e-08 3.476023917543110632e-08 3.856742122636152394e-08 4.185851052743841698e-08 4.483523798428781070e-08 4.764289612705035467e-08 5.060317364261904075e-08 5.421289053893925300e-08 1.279296224758403822e-08 2.446317259883970798e-08 3.108977689266424385e-08 3.616759833825828058e-08 4.031000406820582882e-08 4.396634044898364476e-08 4.733787025118766189e-08 5.060317364261904075e-08 5.413646052876703094e-08 5.849474422007521343e-08 1.310216421708850080e-08 2.528898055361930752e-08 3.235742013022010374e-08 3.783978692779808600e-08 4.242784221718848934e-08 4.653085752143753780e-08 5.041167640419047493e-08 5.421289053893925300e-08 5.849474422007521343e-08 6.401059310277716055e-08
6.389987939369279023e-09 9.421930150350433410e-09 1.037811723289167205e-08 1.097016913699751498e-08 1.138442118465379107e-08 1.168453438679966043e-08 1.193431250455840860e-08 1.218514879555390822e-08 1.243392409010925219e-08 1.273138222963546868e-08 9.421930150350433410e-09 1.600417260611291204e-08 1.856781723826229723e-08 2.006319744079732779e-08 2.115978561665657538e-08 2.198578523072037307e-08 2.267727144768832120e-08 2.334077550142722398e-08 2.400008416741950986e-08 2.482933680129431433e-08 1.037811723289167205e-08 1.856781723826229723e-08 2.218402116412184707e-08 2.457340815886482314e-08 2.620877964152373472e-08 2.750707218285241944e-08 2.860050491385273596e-08 2.960304004050166450e-08 3.062657105411890612e-08 3.190272149748020942e-08 1.097016913699751498e-08 2.006319744079732779e-08 2.457340815886482314e-08 2.755519631694398979e-08 2.977764680863476994e-08 3.149664742837715635e-08 3.299498711799522771e-08 3.433882276385567186e-08 3.571628928974923530e-08 3.742641252733974321e-08 1.138442118465379107e-08 2.115978561665657538e-08 2.620877964152373472e-08 2.977764680863476994e-08 3.252480638141002190e-08 3.468132708792223136e-08 3.649875148103539552e-08 3.817341103630718956e-08 3.990325296250301737e-08 4.204524376230315462e-08 1.168453438679966043e-08 2.198578523072037307e-08 2.750707218285241944e-08 3.149664742837715635e-08 3.468132708792223136e-08 3.725841841383468462e-08 3.946850904520002055e-08 4.152766206900865216e-08 4.363045347617137987e-08 4.622923541818028720e-08 1.193431250455840860e-08 2.267727144768832120e-08 2.860050491385273596e-08 3.299498711799522771e-08 3.649875148103539552e-08 3.946850904520002055e-08 4.207067404177646100e-08 4.450486823491274742e-08 4.705027051478777546e-08 5.010628267330061617e-08 1.218514879555390822e-08 2.334077550142722398e-08 2.960304004050166450e-08 3.433882276385567186e-08 3.817341103630718956e-08 4.152766206900865216e-08 4.450486823491274742e-08 4.737092845383146320e-08 5.038747841132481738e-08 5.402139254169745223e-08 1.243392409010925219e-08 2.400008416741950986e-08 3.062657105411890612e-08 3.571628928974923530e-08 3.990325296250301737e-08 4.363045347617137987e-08 4.705027051478777546e-08 5.038747841132481738e-08 5.399542989321586611e-08 5.839965981300427937e-08 1.273138222963546868e-08 2.482933680129431433e-08 3.190272149748020942e-08 3.742641252733974321e-08 4.204524376230315462e-08 4.622923541818028720e-08 5.010628267330061617e-08 5.402139254169745223e-08 5.839965981300427937e-08 6.399128806883539595e-08
6.140919173288550566e-09 9.142839687730469415e-09 1.006999998489405099e-08 1.060376304934700701e-08 1.100823614331770749e-08 1.130159022071637046e-08 1.154580394785128503e-08 1.179063439673885740e-08 1.203385356790766540e-08 1.232047164850224998e-08 9.142839687730469415e-09 1.553090068261037225e-08 1.803912394780962167e-08 1.953596532544376882e-08 2.064502902158836170e-08 2.146236431843093983e-08 2.214671632962033878e-08 2.279883881588216168e-08 2.347617780554475213e-08 2.427358344148611110e-08 1.006999998489405099e-08 1.803912394780962167e-08 2.169911798433880667e-08 2.404251285569457274e-08 2.571292484628696496e-08 2.699144473125853440e-08 2.806428978820261653e-08 2.907220469557500188e-08 3.012559866066790998e-08 3.137125335779650549e-08 1.060376304934700701e-08 1.953596532544376882e-08 2.404251285569457274e-08 2.704022999631013237e-08 2.922551026894283639e-08 3.096656240456006946e-08 3.243384716287108704e-08 3.377769039688571829e-08 3.515590147729439575e-08 3.686599379903580060e-08 1.100823614331770749e-08 2.064502902158836170e-08 2.571292484628696496e-08 2.922551026894283639e-08 3.192177687529610171e-08 3.417902233918677826e-08 3.600422719303769585e-08 3.770117478076122556e-08 3.947566358579855384e-08 4.159363960465979230e-08 1.130159022071637046e-08 2.146236431843093983e-08 2.699144473125853440e-08 3.096656240456006946e-08 3.417902233918677826e-08 3.677309542829604395e-08 3.899896190961501851e-08 4.106406784545871120e-08 4.322262349179754477e-08 4.580783899084656552e-08 1.154580394785128503e-08 2.214671632962033878e-08 2.806428978820261653e-08 3.243384716287108704e-08 3.600422719303769585e-08 3.899896190961501851e-08 4.161904096449994274e-08 4.407021926211790296e-08 4.660141066144929892e-08 4.972363102689906708e-08 1.179063439673885740e-08 2.279883881588216168e-08 2.907220469557500188e-08 3.377769039688571829e-08 3.770117478076122556e-08 4.106406784545871120e-08 4.407021926211790296e-08 4.697902932388021235e-08 5.003049740210871009e-08 5.370750476357228389e-08 1.203385356790766540e-08 2.347617780554475213e-08 3.012559866066790998e-08 3.515590147729439575e-08 3.947566358579855384e-08 4.322262349179754477e-08 4.660141066144929892e-08 5.003049740210871009e-08 5.368868529245090403e-08 5.815645769996022593e-08 1.232047164850224998e-08 2.427358344148611110e-08 3.137125335779650549e-08 3.686599379903580060e-08 4.159363960465979230e-08 4.580783899084656552e-08 4.972363102689906708e-08 5.370750476357228389e-08 5.815645769996022593e-08 6.384535374210594382e-08
5.870959008172688642e-09 8.810615690981058077e-09 9.676810144106628735e-09 1.019905999397860505e-08 1.060460995507926805e-08 1.088798926213527428e-08 1.114926899650968907e-08 1.136869181097116128e-08 1.160569977405877070e-08 1.189332655204098054e-08 8.810615690981058077e-09 1.504681559869008650e-08 1.752036251296219032e-08 1.900688161749584739e-08 2.001261854699902706e-08 2.083389732933254764e-08 2.152465335953240326e-08 2.217669410178804429e-08 2.280310307806007705e-08 2.363373728766864856e-08 9.676810144106628735e-09 1.752036251296219032e-08 2.121007655178140269e-08 2.349834431379667641e-08 2.515767564670954106e-08 2.642910923736466117e-08 2.749616468340528923e-08 2.849738200622853735e-08 2.954468722418245025e-08 3.078315227490874568e-08 1.019905999397860505e-08 1.900688161749584739e-08 2.349834431379667641e-08 2.649233080368778904e-08 2.863117406393692806e-08 3.036957460692505685e-08 3.183468434970459195e-08 3.320733835687114317e-08 3.455300007599689959e-08 3.626024897585349122e-08 1.060460995507926805e-08 2.001261854699902706e-08 2.515767564670954106e-08 2.863117406393692806e-08 3.133143971929149365e-08 3.352007607579827469e-08 3.536913557764911744e-08 3.706171117338763947e-08 3.880270215215986482e-08 4.095637647863519749e-08 1.088798926213527428e-08 2.083389732933254764e-08 2.642910923736466117e-08 3.036957460692505685e-08 3.352007607579827469e-08 3.615410982736736249e-08 3.840817701751966128e-08 4.047378153835346373e-08 4.260249946087452775e-08 4.523097838446339368e-08 1.114926899650968907e-08 2.152465335953240326e-08 2.749616468340528923e-08 3.183468434970459195e-08 3.536913557764911744e-08 3.840817701751966128e-08 4.107649696976114179e-08 4.354635233379530742e-08 4.609783381841572402e-08 4.924383733536613043e-08 1.136869181097116128e-08 2.217669410178804429e-08 2.849738200622853735e-08 3.320733835687114317e-08 3.706171117338763947e-08 4.047378153835346373e-08 4.354635233379530742e-08 4.646028835128315124e-08 4.950323564324590799e-08 5.325353090306098446e-08 1.160569977405877070e-08 2.280310307806007705e-08 2.954468722418245025e-08 3.455300007599689959e-08 3.880270215215986482e-08 4.260249946087452775e-08 4.609783381841572402e-08 4.950323564324590799e-08 5.316503001028195054e-08 5.772548989282609224e-08 1.189332655204098054e-08 2.363373728766864856e-08 3.078315227490874568e-08 3.626024897585349122e-08 4.095637647863519749e-08 4.523097838446339368e-08 4.924383733536613043e-08 5.325353090306098446e-08 5.772548989282609224e-08 6.354565131643939584e-08
