-6.790322826060611652e-10 -8.895144600526795942e-10 -9.515569629236658144e-10 -9.869025035779477622e-10 -1.013962974020318094e-09 -1.032554851900107912e-09 -1.050015034425350565e-09 -1.065330357189820992e-09 -1.081500455565444638e-09 -1.101058702708753380e-09 -8.895144600526795942e-10 -1.292544644030192850e-09 -1.440648466718895861e-09 -1.527547667126401771e-09 -1.507764115159231442e-09 -1.555324802947030119e-09 -1.595371153649451790e-09 -1.632790995692299808e-09 -1.671975127283682662e-09 -1.718379792171461305e-09 -9.515569629236658144e-10 -1.440648466718895861e-09 -1.564949399159648887e-09 -1.694186575507908400e-09 -1.787966592572429433e-09 -1.859852512581485684e-09 -1.920407023304431400e-09 -1.976520856113482193e-09 -2.035488336207028666e-09 -2.105525063388345805e-09 -9.869025035779477622e-10 -1.527547667126401771e-09 -1.694186575507908400e-09 -1.859924125800837387e-09 -1.982649508010057455e-09 -2.077798061190737703e-09 -2.157937712499437093e-09 -2.231952731856309816e-09 -2.399651155496170597e-09 -2.493912588353916663e-09 -1.013962974020318094e-09 -1.507764115159231442e-09 -1.787966592572429433e-09 -1.982649508010057455e-09 -2.133346027668702881e-09 -2.251899357685499937e-09 -2.352003712361105507e-09 -2.444270453300807590e-09 -2.541122163444630825e-09 -2.657010551279675993e-09 -1.032554851900107912e-09 -1.555324802947030119e-09 -1.859852512581485684e-09 -2.077798061190737703e-09 -2.251899357685499937e-09 -2.393046467083158412e-09 -2.514254212726733077e-09 -2.625897272017686080e-09 -2.742982567468916708e-09 -2.883488831599454523e-09 -1.050015034425350565e-09 -1.595371153649451790e-09 -1.920407023304431400e-09 -2.157937712499437093e-09 -2.352003712361105507e-09 -2.514254212726733077e-09 -2.656578292450952672e-09 -2.788799510070123218e-09 -2.927517740073232887e-09 -3.094372955990534688e-09 -1.065330357189820992e-09 -1.632790995692299808e-09 -1.976520856113482193e-09 -2.231952731856309816e-09 -2.444270453300807590e-09 -2.625897272017686080e-09 -2.788799510070123218e-09 -2.944362662070755896e-09 -3.108580835802279715e-09 -3.306728351417059348e-09 -1.081500455565444638e-09 -1.671975127283682662e-09 -2.035488336207028666e-09 -2.399651155496170597e-09 -2.541122163444630825e-09 -2.742982567468916708e-09 -2.927517740073232887e-09 -3.108580835802279715e-09 -3.304933520353817043e-09 -3.545003414048631116e-09 -1.101058702708753380e-09 -1.718379792171461305e-09 -2.105525063388345805e-09 -2.493912588353916663e-09 -2.657010551279675993e-09 -2.883488831599454523e-09 -3.094372955990534688e-09 -3.306728351417059348e-09 -3.545003414048631116e-09 -3.849998724920506029e-09
-6.639695781160497542e-10 -8.734098496477117798e-10 -9.352084816586612935e-10 -9.704428646702494680e-10 -9.974126329715778008e-10 -1.015927359718281776e-09 -1.033317766880320681e-09 -1.048594979115135379e-09 -1.064688514894817857e-09 -1.084189211387233744e-09 -8.734098496477117798e-10 -1.275616174428415515e-09 -1.326076109322018653e-09 -1.412042745477352844e-09 -1.474978930365317078e-09 -1.522576396761677671e-09 -1.562614325598311708e-09 -1.600079938792459678e-09 -1.639281467058112178e-09 -1.685723143669500350e-09 -9.352084816586612935e-10 -1.326076109322018653e-09 -1.532813424138216830e-09 -1.662711204350619618e-09 -1.756939412141328234e-09 -1.829204164247002284e-09 -1.890035233611657362e-09 -1.946456722870810745e-09 -2.005715007171940498e-09 -2.076120943792214184e-09 -9.704428646702494680e-10 -1.412042745477352844e-09 -1.662711204350619618e-09 -1.829722298426152890e-09 -1.953413551201916254e-09 -2.049364936092989938e-09 -2.130136180219967787e-09 -2.204784933277676036e-09 -2.283177561540351600e-09 -2.376673974902612975e-09 -9.974126329715778008e-10 -1.474978930365317078e-09 -1.756939412141328234e-09 -1.953413551201916254e-09 -2.105648167941400550e-09 -2.225497554653801529e-09 -2.326655213436358767e-09 -2.419942152632801824e-09 -2.517825388452036245e-09 -2.634989053447421535e-09 -1.015927359718281776e-09 -1.522576396761677671e-09 -1.829204164247002284e-09 -2.049364936092989938e-09 -2.225497554653801529e-09 -2.368457652574691870e-09 -2.491217791715907479e-09 -2.604340994725166047e-09 -2.722935620860624804e-09 -2.865302364352846676e-09 -1.033317766880320681e-09 -1.562614325598311708e-09 -1.890035233611657362e-09 -2.130136180219967787e-09 -2.326655213436358767e-09 -2.491217791715907479e-09 -2.635618887334948827e-09 -2.769843245246442646e-09 -2.910619788794376110e-09 -3.080007638945907438e-09 -1.048594979115135379e-09 -1.600079938792459678e-09 -1.946456722870810745e-09 -2.204784933277676036e-09 -2.419942152632801824e-09 -2.604340994725166047e-09 -2.769843245246442646e-09 -2.928040133124777865e-09 -3.095012341415230473e-09 -3.296551023827743698e-09 -1.064688514894817857e-09 -1.639281467058112178e-09 -2.005715007171940498e-09 -2.283177561540351600e-09 -2.517825388452036245e-09 -2.722935620860624804e-09 -2.910619788794376110e-09 -3.095012341415230473e-09 -3.295036753504041326e-09 -3.539718554663597358e-09 -1.084189211387233744e-09 -1.685723143669500350e-09 -2.076120943792214184e-09 -2.376673974902612975e-09 -2.634989053447421535e-09 -2.865302364352846676e-09 -3.080007638945907438e-09 -3.296551023827743698e-09 -3.539718554663597358e-09 -3.851322999784211345e-09
-6.541224022477695861e-10 -7.617133310995393374e-10 -8.203688022799415454e-10 -8.544302182409111573e-10 -8.801091221760557474e-10 -8.990156028408379803e-10 -9.146853117902164034e-10 -9.300194601629505828e-10 -9.454435614173964500e-10 -9.640607155853209204e-10 -7.617133310995393374e-10 -1.263673111227438876e-09 -1.300561574197661265e-09 -1.386603272802922224e-09 -1.449574455838509351e-09 -1.497220021067202382e-09 -1.537253761629322096e-09 -1.574772076807964293e-09 -1.613993957502608542e-09 -1.660482042914346337e-09 -8.203688022799415454e-10 -1.300561574197661265e-09 -1.507987686167489134e-09 -1.638517490619512815e-09 -1.733175588136925810e-09 -1.805806447559706452e-09 -1.866897788157546293e-09 -1.923615649433151614e-09 -1.983147843700242353e-09 -2.053909149943638944e-09 -8.544302182409111573e-10 -1.386603272802922224e-09 -1.638517490619512815e-09 -1.806741639671047407e-09 -1.931357162536315672e-09 -2.028080073372957566e-09 -2.109450826880445656e-09 -2.184707897694436442e-09 -2.263698299255005805e-09 -2.357946090378633514e-09 -8.801091221760557474e-10 -1.449574455838509351e-09 -1.733175588136925810e-09 -1.931357162536315672e-09 -2.085069729474075624e-09 -2.206168960680311347e-09 -2.308335201904915094e-09 -2.402605596817341615e-09 -2.501476090931034880e-09 -2.619868747543270257e-09 -8.990156028408379803e-10 -1.497220021067202382e-09 -1.805806447559706452e-09 -2.028080073372957566e-09 -2.206168960680311347e-09 -2.350884217537815671e-09 -2.475142436653266024e-09 -2.589700474806795846e-09 -2.709750961752689643e-09 -2.853920974515225327e-09 -9.146853117902164034e-10 -1.537253761629322096e-09 -1.866897788157546293e-09 -2.109450826880445656e-09 -2.308335201904915094e-09 -2.475142436653266024e-09 -2.621558648754786476e-09 -2.757734508075069836e-09 -2.900509145244967638e-09 -3.072364433874362628e-09 -9.300194601629505828e-10 -1.574772076807964293e-09 -1.923615649433151614e-09 -2.184707897694436442e-09 -2.402605596817341615e-09 -2.589700474806795846e-09 -2.757734508075069836e-09 -2.918509592062404995e-09 -3.088171942050912082e-09 -3.293032480916520291e-09 -9.454435614173964500e-10 -1.613993957502608542e-09 -1.983147843700242353e-09 -2.263698299255005805e-09 -2.501476090931034880e-09 -2.709750961752689643e-09 -2.900509145244967638e-09 -3.088171942050912082e-09 -3.291803605017192099e-09 -3.541029444743937589e-09 -9.640607155853209204e-10 -1.660482042914346337e-09 -2.053909149943638944e-09 -2.357946090378633514e-09 -2.619868747543270257e-09 -2.853920974515225327e-09 -3.072364433874362628e-09 -3.293032480916520291e-09 -3.541029444743937589e-09 -3.859187564237496637e-09
-6.475740322500359362e-10 -7.486339290344561216e-10 -8.071292403978467939e-10 -8.411180418514366365e-10 -8.667407902704622635e-10 -8.856133966706820486e-10 -9.012171091337951415e-10 -9.165402346251963306e-10 -9.319197581676555525e-10 -9.505043512560982826e-10 -7.486339290344561216e-10 -1.141293987673057894e-09 -1.287053779371792206e-09 -1.373218443141944247e-09 -1.436260336511708246e-09 -1.483984409559293139e-09 -1.524035494796710369e-09 -1.561625323269466475e-09 -1.600885397333505977e-09 -1.647446581198818178e-09 -8.071292403978467939e-10 -1.287053779371792206e-09 -1.495178207691269312e-09 -1.626341663447757803e-09 -1.721432993811803981e-09 -1.794434676175435456e-09 -1.855785961723992104e-09 -1.912799521185706109e-09 -1.972602301142830564e-09 -2.043720832861763498e-09 -8.411180418514366365e-10 -1.373218443141944247e-09 -1.626341663447757803e-09 -1.795746275720067112e-09 -1.921264619481780389e-09 -2.018743983942757576e-09 -2.100697137977206401e-09 -2.176546788501363659e-09 -2.256115450519156811e-09 -2.351097297214600236e-09 -8.667407902704622635e-10 -1.436260336511708246e-09 -1.721432993811803981e-09 -1.921264619481780389e-09 -2.076414340188953453e-09 -2.198732771464611007e-09 -2.301877292478935020e-09 -2.397103548900604814e-09 -2.496929091109530297e-09 -2.616518313926184339e-09 -8.856133966706820486e-10 -1.483984409559293139e-09 -1.794434676175435456e-09 -2.018743983942757576e-09 -2.198732771464611007e-09 -2.345160161647020085e-09 -2.470875788289395161e-09 -2.586831767128019065e-09 -2.708295943393117572e-09 -2.854224952994498063e-09 -9.012171091337951415e-10 -1.524035494796710369e-09 -1.855785961723992104e-09 -2.100697137977206401e-09 -2.301877292478935020e-09 -2.470875788289395161e-09 -2.619257999365656378e-09 -2.757341315877924502e-09 -2.902064274828517522e-09 -3.076333708571903328e-09 -9.165402346251963306e-10 -1.561625323269466475e-09 -1.912799521185706109e-09 -2.176546788501363659e-09 -2.397103548900604814e-09 -2.586831767128019065e-09 -2.757341315877924502e-09 -2.920645829128648848e-09 -3.092943959558685219e-09 -3.301067809989809984e-09 -9.319197581676555525e-10 -1.600885397333505977e-09 -1.972602301142830564e-09 -2.256115450519156811e-09 -2.496929091109530297e-09 -2.708295943393117572e-09 -2.902064274828517522e-09 -3.092943959558685219e-09 -3.300126496265231949e-09 -3.553837377661389715e-09 -9.505043512560982826e-10 -1.647446581198818178e-09 -2.043720832861763498e-09 -2.351097297214600236e-09 -2.616518313926184339e-09 -2.854224952994498063e-09 -3.076333708571903328e-09 -3.301067809989809984e-09 -3.553837377661389715e-09 -3.878500274045814367e-09
-6.393872209241102825e-10 -7.476023236415399949e-10 -8.061369345287551686e-10 -8.401718877859087614e-10 -8.658239257306649971e-10 -8.847321676019376984e-10 -9.003265590569978802e-10 -9.156853458193393681e-10 -9.310712701972960622e-10 -9.496873605263735718e-10 -7.476023236415399949e-10 -1.140589027644475105e-09 -1.286589288064187409e-09 -1.372949538981469266e-09 -1.436116179587873537e-09 -1.483963053541677244e-09 -1.524066181012521217e-09 -1.561755633857216365e-09 -1.601083121398392106e-09 -1.647757410152591193e-09 -8.061369345287551686e-10 -1.286589288064187409e-09 -1.603766331900285457e-09 -3.148494543892972640e-10 -1.832445471268180064e-09 -7.786168192704794792e-10 -1.967857315979614695e-09 -2.024824622295690844e-09 -2.084739337029213024e-09 -2.157294100220275060e-09 -8.401718877859087614e-10 -1.372949538981469266e-09 -3.148494543892972640e-10 -1.797857580078521161e-09 -1.924271259103770323e-09 -2.022502162883834616e-09 -2.105030784704405975e-09 -2.181463778380192506e-09 -2.261599671054055684e-09 -2.357307984470658194e-09 -8.658239257306649971e-10 -1.436116179587873537e-09 -1.832445471268180064e-09 -1.924271259103770323e-09 -2.080828367988526000e-09 -2.204343021903518852e-09 -2.308443649133498393e-09 -2.404602784491743058e-09 -2.505357688200002015e-09 -2.626118370013330846e-09 -8.847321676019376984e-10 -1.483963053541677244e-09 -7.786168192704794792e-10 -2.022502162883834616e-09 -2.204343021903518852e-09 -2.352445162653705034e-09 -2.479584035685629865e-09 -2.596904172547883132e-09 -2.719744836965935852e-09 -2.867393975063920781e-09 -9.003265590569978802e-10 -1.524066181012521217e-09 -1.967857315979614695e-09 -2.105030784704405975e-09 -2.308443649133498393e-09 -2.479584035685629865e-09 -2.629888335674791228e-09 -2.769836838756586660e-09 -2.916461910446183814e-09 -3.093095866734808350e-09 -9.156853458193393681e-10 -1.561755633857216365e-09 -2.024824622295690844e-09 -2.181463778380192506e-09 -2.404602784491743058e-09 -2.596904172547883132e-09 -2.769836838756586660e-09 -2.935622055220810069e-09 -3.110503229916867188e-09 -3.321833111983113710e-09 -9.310712701972960622e-10 -1.601083121398392106e-09 -2.084739337029213024e-09 -2.261599671054055684e-09 -2.505357688200002015e-09 -2.719744836965935852e-09 -2.916461910446183814e-09 -3.110503229916867188e-09 -3.321179204585840983e-09 -3.579313781837799697e-09 -9.496873605263735718e-10 -1.647757410152591193e-09 -2.157294100220275060e-09 -2.357307984470658194e-09 -2.626118370013330846e-09 -2.867393975063920781e-09 -3.093095866734808350e-09 -3.321833111983113710e-09 -3.579313781837799697e-09 -3.910424207503454103e-09
-6.244391643112483412e-10 -7.589871006773529623e-10 -8.177628968815406412e-10 -8.519635230493066034e-10 -8.777312328329227095e-10 -8.967447267972399294e-10 -9.123874821847278578e-10 -9.278288807222747393e-10 -9.432728645827994991e-10 -9.619847990914123051e-10 -7.589871006773529623e-10 -1.153186847556870418e-09 -1.299552764184497045e-09 -1.386181525776737830e-09 -1.449527988575019266e-09 -1.497541680324859695e-09 -1.537732564993853194e-09 -1.575549974023940521e-09 -1.614974699814389052e-09 -1.661802193532197106e-09 -8.177628968815406412e-10 -1.299552764184497045e-09 -1.585000223683131232e-09 -1.717495354946900383e-09 -1.814118212926669258e-09 -1.886458536270146073e-09 -1.949742750603981618e-09 -2.006841383161191908e-09 -2.066820161002179763e-09 -2.139532597765438944e-09 -8.519635230493066034e-10 -1.386181525776737830e-09 -1.717495354946900383e-09 -1.813449428400702454e-09 -1.940746926739481207e-09 -2.039719868355569185e-09 -2.122814549127316012e-09 -2.199818659549140850e-09 -2.280507991702535766e-09 -2.376931141914067081e-09 -8.777312328329227095e-10 -1.449527988575019266e-09 -1.814118212926669258e-09 -1.940746926739481207e-09 -2.098674194074015068e-09 -2.223354435744052463e-09 -2.328383904327389771e-09 -2.425447550193854511e-09 -2.527100871636500367e-09 -2.727436577192448818e-09 -8.967447267972399294e-10 -1.497541680324859695e-09 -1.886458536270146073e-09 -2.039719868355569185e-09 -2.223354435744052463e-09 -2.373082756548385128e-09 -2.501602111021042193e-09 -2.620244001974716359e-09 -2.744415333507077880e-09 -2.893734494058668422e-09 -9.123874821847278578e-10 -1.537732564993853194e-09 -1.949742750603981618e-09 -2.122814549127316012e-09 -2.328383904327389771e-09 -2.501602111021042193e-09 -2.653772196054747496e-09 -2.795531346318764390e-09 -2.943999887204933439e-09 -3.122932829142723746e-09 -9.278288807222747393e-10 -1.575549974023940521e-09 -2.006841383161191908e-09 -2.199818659549140850e-09 -2.425447550193854511e-09 -2.620244001974716359e-09 -2.795531346318764390e-09 -2.963732325468849670e-09 -3.141127184137649385e-09 -3.355584765161972031e-09 -9.432728645827994991e-10 -1.614974699814389052e-09 -2.066820161002179763e-09 -2.280507991702535766e-09 -2.527100871636500367e-09 -2.744415333507077880e-09 -2.943999887204933439e-09 -3.141127184137649385e-09 -3.355218025755792973e-09 -3.617688284364007975e-09 -9.619847990914123051e-10 -1.661802193532197106e-09 -2.139532597765438944e-09 -2.376931141914067081e-09 -2.727436577192448818e-09 -2.893734494058668422e-09 -3.122932829142723746e-09 -3.355584765161972031e-09 -3.617688284364007975e-09 -3.955154699530200481e-09
-6.010763863777119948e-10 -7.805129157440668332e-10 -8.396959334976353759e-10 -8.741599292702059531e-10 -9.001145771654772809e-10 -9.192899402694679174e-10 -9.350285509243923042e-10 -9.505912956540461284e-10 -9.661357796435107513e-10 -9.849962372002186311e-10 -7.805129157440668332e-10 -1.176648180945416387e-09 -1.323470507804132202e-09 -1.410419296872519811e-09 -1.473986122389652699e-09 -1.522197712273703103e-09 -1.562502271722795026e-09 2.125118351189536685e-09 -1.660530988665475105e-09 -1.708035386302467265e-09 -8.396959334976353759e-10 -1.323470507804132202e-09 -1.556978571533540509e-09 -1.689591631041530175e-09 -1.786304445675657435e-09 -1.858665002348014426e-09 -1.921998748150802374e-09 -1.979167799551765325e-09 -2.039148669396297951e-09 -2.111945890921729450e-09 -8.741599292702059531e-10 -1.410419296872519811e-09 -1.689591631041530175e-09 -1.839962158816053524e-09 -1.968114092537417848e-09 -2.067803760112238517e-09 -2.151443012198385646e-09 -2.228995908701817613e-09 -2.310213930779962206e-09 -2.407326057365218016e-09 -9.001145771654772809e-10 -1.473986122389652699e-09 -1.786304445675657435e-09 -1.968114092537417848e-09 -2.127354115659487041e-09 -2.253151434766360460e-09 -2.359068658902095611e-09 -2.479156713817142783e-09 -2.580994035004844053e-09 -2.704844127379435087e-09 -9.192899402694679174e-10 -1.522197712273703103e-09 -1.858665002348014426e-09 -2.067803760112238517e-09 -2.253151434766360460e-09 -2.404437149697158366e-09 -2.534278102154387640e-09 1.422665457043967976e-09 -2.779626886873246786e-09 -2.930546961055681068e-09 -9.350285509243923042e-10 -1.562502271722795026e-09 -1.921998748150802374e-09 -2.151443012198385646e-09 -2.359068658902095611e-09 -2.534278102154387640e-09 -2.688239120340790578e-09 -2.831738254094588953e-09 -2.981974458144806567e-09 -3.163118922909077870e-09 -9.505912956540461284e-10 2.125118351189536685e-09 -1.979167799551765325e-09 -2.228995908701817613e-09 -2.479156713817142783e-09 1.422665457043967976e-09 -2.831738254094588953e-09 -3.002271644312624493e-09 -3.182091229771306500e-09 -3.399573227869759900e-09 -9.661357796435107513e-10 -1.660530988665475105e-09 -2.039148669396297951e-09 -2.310213930779962206e-09 -2.580994035004844053e-09 -2.779626886873246786e-09 -2.981974458144806567e-09 -3.182091229771306500e-09 -3.399495788617920740e-09 -3.666184880435294775e-09 -9.849962372002186311e-10 -1.708035386302467265e-09 -2.111945890921729450e-09 -2.407326057365218016e-09 -2.704844127379435087e-09 -2.930546961055681068e-09 -3.163118922909077870e-09 -3.399573227869759900e-09 -3.666184880435294775e-09 -4.009881472809052364e-09
-5.733439391201852459e-10 -8.076603134761806325e-10 -8.673482175275656685e-10 -9.021320712055809849e-10 -9.283161938285394366e-10 -9.476857466309723109e-10 -9.635481335615557780e-10 -9.792554121550869567e-10 -9.949251606652467149e-10 -1.013964922567707669e-09 -8.076603134761806325e-10 -1.206131980679267878e-09 -1.353432031304016006e-09 -1.440709946900346277e-09 -1.504508428106857420e-09 -1.552923783045060217e-09 2.959811167202157095e-09 -1.588340899175600570e-09 -1.627345997848099291e-09 -1.674723219822444912e-09 -8.673482175275656685e-10 -1.353432031304016006e-09 -1.524538883375005431e-09 -1.657172279718722402e-09 -1.753916751289511168e-09 -1.826240703336768742e-09 -1.889586662963813257e-09 -1.946783508738636724e-09 -2.006727973068963334e-09 -2.079559592275563770e-09 -9.021320712055809849e-10 -1.440709946900346277e-09 -1.657172279718722402e-09 -1.872318106239336317e-09 -2.001260980314679354e-09 -2.101612744688503913e-09 -2.185751922495397627e-09 -2.263812359172961694e-09 -2.345513236565740958e-09 -2.443262022511986635e-09 -9.283161938285394366e-10 -1.504508428106857420e-09 -1.753916751289511168e-09 -2.001260980314679354e-09 -2.161720000419929670e-09 -2.288554673955133329e-09 -2.352156332233232000e-09 -2.450046363093209796e-09 -2.552377863353279992e-09 -2.676915495960128583e-09 -9.476857466309723109e-10 -1.552923783045060217e-09 -1.826240703336768742e-09 -2.101612744688503913e-09 -2.288554673955133329e-09 -2.441296165232457619e-09 2.350200696768143129e-09 -2.647303643310797671e-09 -2.772702224068155434e-09 -2.925444066783337289e-09 -9.635481335615557780e-10 2.959811167202157095e-09 -1.889586662963813257e-09 -2.185751922495397627e-09 -2.352156332233232000e-09 2.350200696768143129e-09 -2.728023711134319845e-09 -2.873169528909586622e-09 -3.025072664318125614e-09 -3.208309954886056661e-09 -9.792554121550869567e-10 -1.588340899175600570e-09 -1.946783508738636724e-09 -2.263812359172961694e-09 -2.450046363093209796e-09 -2.647303643310797671e-09 -2.873169528909586622e-09 1.801047156460659455e-09 -3.228057594865993696e-09 -3.402086061627556861e-09 -9.949251606652467149e-10 -1.627345997848099291e-09 -2.006727973068963334e-09 -2.345513236565740958e-09 -2.552377863353279992e-09 -2.772702224068155434e-09 -3.025072664318125614e-09 -3.228057594865993696e-09 -3.448646875681096705e-09 -3.719402766255211022e-09 -1.013964922567707669e-09 -1.674723219822444912e-09 -2.079559592275563770e-09 -2.443262022511986635e-09 -2.676915495960128583e-09 -2.925444066783337289e-09 -3.208309954886056661e-09 -3.402086061627556861e-09 -3.719402766255211022e-09 -4.069163908378544726e-09
-5.507878345833763087e-10 -8.346995880546615086e-10 -8.949021412630339691e-10 -9.300093639591951772e-10 -9.564287216475612423e-10 -9.759935356620304746e-10 -9.919823202143048325e-10 -1.007837571001164651e-09 -1.023634573726516074e-09 -1.042856329818223590e-09 -8.346995880546615086e-10 -1.235493115420781568e-09 -1.383200536840709658e-09 -1.470760775026037821e-09 -1.437194972237215525e-09 -1.483411961979655370e-09 -1.524755024478587199e-09 -1.561825660302202863e-09 -1.600686594396964666e-09 -1.647951479326310047e-09 -8.949021412630339691e-10 -1.383200536840709658e-09 -1.498494226143565994e-09 -1.631115719754735995e-09 -1.727881601352409827e-09 -1.800151597891528123e-09 -1.863505541985314425e-09 -1.920715477262192736e-09 -1.980619135327569421e-09 -2.053468485467740978e-09 -9.300093639591951772e-10 -1.470760775026037821e-09 -1.631115719754735995e-09 -1.904060871708463890e-09 -2.033686945563974816e-09 -2.134607912315675095e-09 -2.219171961342346158e-09 -2.297674344159806810e-09 -2.379784560549380557e-09 -2.478083284519294162e-09 -9.564287216475612423e-10 -1.437194972237215525e-09 -1.727881601352409827e-09 -2.033686945563974816e-09 2.598310430374638731e-09 2.179971726301616673e-09 -2.328527060752202641e-09 -2.426899665098025888e-09 -2.529674554181134762e-09 -2.654826122509396428e-09 -9.759935356620304746e-10 -1.483411961979655370e-09 -1.800151597891528123e-09 -2.134607912315675095e-09 2.179971726301616673e-09 -2.372121611018653289e-09 -2.504911345906004185e-09 -2.625838125895533777e-09 -2.752048217455607899e-09 -2.905856312123131132e-09 -9.919823202143048325e-10 -1.524755024478587199e-09 -1.863505541985314425e-09 -2.219171961342346158e-09 -2.328527060752202641e-09 -2.504911345906004185e-09 -2.766419992188435148e-09 -2.913087947526936852e-09 -3.066522356332622833e-09 -3.251690439294866436e-09 -1.007837571001164651e-09 -1.561825660302202863e-09 -1.920715477262192736e-09 -2.297674344159806810e-09 -2.426899665098025888e-09 -2.625838125895533777e-09 -2.913087947526936852e-09 -2.982254237183282078e-09 -3.165186726034828689e-09 -3.388559129852526293e-09 -1.023634573726516074e-09 -1.600686594396964666e-09 -1.980619135327569421e-09 -2.379784560549380557e-09 -2.529674554181134762e-09 -2.752048217455607899e-09 -3.066522356332622833e-09 -3.165186726034828689e-09 -3.495816372413144125e-09 -3.770432473690250634e-09 -1.042856329818223590e-09 -1.647951479326310047e-09 -2.053468485467740978e-09 -2.478083284519294162e-09 -2.654826122509396428e-09 -2.905856312123131132e-09 -3.251690439294866436e-09 -3.388559129852526293e-09 -3.770432473690250634e-09 -4.126029113469882912e-09
-6.433230726357494320e-10 -7.419836346869188762e-10 -8.011518121550588894e-10 -9.506748579094889003e-10 -8.612973260656876874e-10 -9.970124966477426453e-10 -1.013099140960955613e-09 -1.029081221667701563e-09 -1.044979508930295339e-09 -1.064351320183044768e-09 -7.419836346869188762e-10 -1.257285857099090901e-09 -1.405226836521146869e-09 -1.492959976044885217e-09 -1.427071129604256098e-09 -1.473157838234948156e-09 -1.514449400227240258e-09 -1.551466739292151124e-09 -1.590236496992950942e-09 -1.637435183600859603e-09 -8.011518121550588894e-10 -1.405226836521146869e-09 -1.488413652802362347e-09 -1.621052676806262942e-09 -1.717874000439347487e-09 -1.790110569541277882e-09 -1.853498896245250514e-09 -1.910733117427288300e-09 -1.970623792823302357e-09 -2.043505742680313913e-09 -9.506748579094889003e-10 -1.492959976044885217e-09 -1.621052676806262942e-09 1.651743332715016122e-09 -2.057569916382650688e-09 -2.158928793717788384e-09 -2.243812110411373069e-09 -2.322666463171402768e-09 -2.405085384068023081e-09 -2.503812722707913026e-09 -8.612973260656876874e-10 -1.427071129604256098e-09 -1.717874000439347487e-09 -2.057569916382650688e-09 -2.086155098718086203e-09 -2.211902808477448857e-09 -2.320763521485507319e-09 -2.419583219426099099e-09 -2.522781587091180187e-09 -2.648503093465367315e-09 -9.970124966477426453e-10 -1.473157838234948156e-09 -1.790110569541277882e-09 -2.158928793717788384e-09 -2.211902808477448857e-09 -2.364735982481621790e-09 -2.498383904576630076e-09 -2.620092350400959383e-09 -2.747072015358511749e-09 -2.901875280638888225e-09 -1.013099140960955613e-09 -1.514449400227240258e-09 -1.853498896245250514e-09 -2.243812110411373069e-09 -2.320763521485507319e-09 -2.498383904576630076e-09 1.079404861927401917e-09 7.670725906676452632e-10 -3.098230095660267632e-09 -3.285122532913880838e-09 -1.029081221667701563e-09 -1.551466739292151124e-09 -1.910733117427288300e-09 -2.322666463171402768e-09 -2.419583219426099099e-09 -2.620092350400959383e-09 7.670725906676452632e-10 -2.979951256328850909e-09 -3.164701654097836779e-09 -3.390360255635656727e-09 -1.044979508930295339e-09 -1.590236496992950942e-09 -1.970623792823302357e-09 -2.405085384068023081e-09 -2.522781587091180187e-09 -2.747072015358511749e-09 -3.098230095660267632e-09 -3.164701654097836779e-09 -4.670088674371861730e-10 -3.811041814601217078e-09 -1.064351320183044768e-09 -1.637435183600859603e-09 -2.043505742680313913e-09 -2.503812722707913026e-09 -2.648503093465367315e-09 -2.901875280638888225e-09 -3.285122532913880838e-09 -3.390360255635656727e-09 -3.811041814601217078e-09 -3.813523318568562485e-10
-6.490522510398742262e-10 -7.483911496282154971e-10 -8.077297228086959627e-10 -8.418474957258944674e-10 -8.680703697665080847e-10 -8.856243955105068433e-10 -9.024254509498096755e-10 -9.172896893535177242e-10 -9.325633621277380878e-10 -9.515220061396230422e-10 -7.483911496282154971e-10 -1.265226565413526701e-09 -1.413133587928149683e-09 1.260688489913163211e-10 -1.433800939318340518e-09 -1.479820154041113552e-09 -1.521119750756084582e-09 -1.558124235708817620e-09 -1.596864876670088108e-09 -1.644049590726971774e-09 -8.077297228086959627e-10 -1.413133587928149683e-09 -1.495144157580805858e-09 -1.627842315210062216e-09 -1.724761755418601996e-09 -1.796995457170572817e-09 -1.860451460879678883e-09 -1.917725291581195096e-09 -1.977639922937806663e-09 -2.050575292459740741e-09 -8.418474957258944674e-10 1.260688489913163211e-10 -1.627842315210062216e-09 -1.802405921094889559e-09 -2.066281997511464185e-09 -2.167912018656653428e-09 -2.252981861861328662e-09 -2.332075247133867786e-09 -2.414677435496618176e-09 -2.513680142903887181e-09 -8.680703697665080847e-10 -1.433800939318340518e-09 -1.724761755418601996e-09 -2.066281997511464185e-09 -2.094200040361486859e-09 -2.220418122962734276e-09 -2.329757106235286147e-09 -2.428989836099175893e-09 -2.532598277704160118e-09 -2.658848295305697550e-09 -8.856243955105068433e-10 -1.479820154041113552e-09 -1.796995457170572817e-09 -2.167912018656653428e-09 -2.220418122962734276e-09 -2.374065834684046793e-09 -2.508527588434097095e-09 -2.630960547379983527e-09 -2.758672660228079139e-09 -2.914400462063193349e-09 -9.024254509498096755e-10 -1.521119750756084582e-09 -1.860451460879678883e-09 -2.252981861861328662e-09 -2.329757106235286147e-09 -2.508527588434097095e-09 -5.175884658326376835e-10 -8.211369084795808299e-10 -3.113333465229808630e-09 -3.301706798373932880e-09 -9.172896893535177242e-10 -1.558124235708817620e-09 -1.917725291581195096e-09 -2.332075247133867786e-09 -2.428989836099175893e-09 -2.630960547379983527e-09 -8.211369084795808299e-10 -2.994070496802713187e-09 -3.180555244676379895e-09 -3.408372171374656550e-09 -9.325633621277380878e-10 -1.596864876670088108e-09 -1.977639922937806663e-09 -2.414677435496618176e-09 -2.532598277704160118e-09 -2.758672660228079139e-09 -3.113333465229808630e-09 -3.180555244676379895e-09 -3.552753647647402886e-09 -3.834261089943808430e-09 -9.515220061396230422e-10 -1.644049590726971774e-09 -2.050575292459740741e-09 -2.513680142903887181e-09 -2.658848295305697550e-09 -2.914400462063193349e-09 -3.301706798373932880e-09 -3.408372171374656550e-09 -3.834261089943808430e-09 -4.200598999809093583e-09
-6.398089293509867257e-10 -7.629052626052576416e-10 -8.225943110431116845e-10 -8.568925507589633494e-10 -8.832826667400414777e-10 -9.009138138897851483e-10 -9.178283360149461142e-10 -9.327722970149344895e-10 -9.481352184604541341e-10 -9.671978455019099782e-10 -7.629052626052576416e-10 -1.255786983221719647e-09 -1.403335192749092282e-09 -1.358159903768698730e-09 -1.449706196443156846e-09 -1.495702609924900230e-09 -1.537052461871428286e-09 -1.574066766654631803e-09 -1.612825638734340166e-09 -1.660028934303038312e-09 -8.225943110431116845e-10 -1.403335192749092282e-09 -1.511013609894940090e-09 -1.643776263910355902e-09 -1.740809621949556211e-09 -1.813053529383546407e-09 -1.876593606829643548e-09 -1.933904919574280029e-09 -1.993866228050020368e-09 -2.066856660398821043e-09 -8.568925507589633494e-10 -1.358159903768698730e-09 -1.643776263910355902e-09 -1.925464807056497446e-09 -2.056071963712670269e-09 -2.157781164554286638e-09 -2.242887311675122742e-09 -2.322089228091650356e-09 -2.404732303126021142e-09 -2.503834179767212387e-09 -8.832826667400414777e-10 -1.449706196443156846e-09 -1.740809621949556211e-09 -2.056071963712670269e-09 -1.645110015010000700e-09 -2.044153738266717815e-09 -2.347663178570477465e-09 -2.447254727451516069e-09 -2.551242996890557453e-09 -2.677957588182794148e-09 -9.009138138897851483e-10 -1.495702609924900230e-09 -1.813053529383546407e-09 -2.157781164554286638e-09 -2.044153738266717815e-09 -2.392262861051977791e-09 -2.527471901027818177e-09 -2.650549823391268600e-09 -2.778938134961598953e-09 -2.935494500832527457e-09 -9.178283360149461142e-10 -1.537052461871428286e-09 -1.876593606829643548e-09 -2.242887311675122742e-09 -2.347663178570477465e-09 -2.527471901027818177e-09 -2.800815974655709449e-09 -2.951007941130691018e-09 -3.107904522854756904e-09 -3.297486430580128620e-09 -9.327722970149344895e-10 -1.574066766654631803e-09 -1.933904919574280029e-09 -2.322089228091650356e-09 -2.447254727451516069e-09 -2.650549823391268600e-09 -2.951007941130691018e-09 -2.883871626505222619e-09 -3.320403431556112029e-09 -3.434591191475082600e-09 -9.481352184604541341e-10 -1.612825638734340166e-09 -1.993866228050020368e-09 -2.404732303126021142e-09 -2.551242996890557453e-09 -2.778938134961598953e-09 -3.107904522854756904e-09 -3.320403431556112029e-09 -3.551615067971572342e-09 -3.836075309662020047e-09 -9.671978455019099782e-10 -1.660028934303038312e-09 -2.066856660398821043e-09 -2.503834179767212387e-09 -2.677957588182794148e-09 -2.935494500832527457e-09 -3.297486430580128620e-09 -3.434591191475082600e-09 -3.836075309662020047e-09 -4.207228596799217306e-09
-6.163952561454024934e-10 -7.758980749324085753e-10 -8.359983241119950305e-10 -8.704942208636614911e-10 -8.970683367987408568e-10 -9.147974627973337961e-10 -9.318425262721288585e-10 -9.468688144581903433e-10 -1.687059955860768767e-09 -1.037837129739732212e-09 -7.758980749324085753e-10 -1.229682535953350532e-09 -1.376546499873152565e-09 -1.463687468600110177e-09 -2.553882809770199073e-09 -2.858183402391397759e-09 -1.551768088388918808e-09 -1.588783601614010401e-09 -1.627578171305929377e-09 -1.674796766028140430e-09 -8.359983241119950305e-10 -1.376546499873152565e-09 -1.525610461228651533e-09 -1.658376181085775633e-09 -1.755488519066963149e-09 -1.827720860799424647e-09 -1.891328573411859839e-09 -1.948643893657884241e-09 -2.008644824236670794e-09 -2.081656149501554651e-09 -8.704942208636614911e-10 -1.463687468600110177e-09 -1.658376181085775633e-09 -1.897150213776314533e-09 -2.027643804207684774e-09 -2.129236671063196990e-09 -2.214230456695597600e-09 -2.293404741999481224e-09 -2.375945906950039528e-09 -2.474966638136887453e-09 -8.970683367987408568e-10 -2.553882809770199073e-09 -1.755488519066963149e-09 -2.027643804207684774e-09 -2.191248491252377453e-09 -2.320742419586709151e-09 -2.429561777690116857e-09 -2.463626147586218021e-09 -2.567933058151745392e-09 -2.695010910387271387e-09 -9.147974627973337961e-10 -2.858183402391397759e-09 -1.827720860799424647e-09 -2.129236671063196990e-09 -2.320742419586709151e-09 -2.477819733042991369e-09 -2.612681892754388666e-09 -2.737603894752775379e-09 -2.867863264339817668e-09 -3.025005271508345134e-09 -9.318425262721288585e-10 -1.551768088388918808e-09 -1.891328573411859839e-09 -2.214230456695597600e-09 -2.429561777690116857e-09 -2.612681892754388666e-09 -2.774035593511215093e-09 -2.924983926319898991e-09 -3.082590507317926627e-09 -3.273093536545323151e-09 -9.468688144581903433e-10 -1.588783601614010401e-09 -1.948643893657884241e-09 -2.293404741999481224e-09 -2.463626147586218021e-09 -2.737603894752775379e-09 -2.924983926319898991e-09 -3.106120701875825845e-09 -3.296830571581391419e-09 -3.528034202307633277e-09 -1.687059955860768767e-09 -1.627578171305929377e-09 -2.008644824236670794e-09 -2.375945906950039528e-09 -2.567933058151745392e-09 -2.867863264339817668e-09 -3.082590507317926627e-09 -3.296830571581391419e-09 -3.530015800764487851e-09 -3.817060098614639234e-09 -1.037837129739732212e-09 -1.674796766028140430e-09 -2.081656149501554651e-09 -2.474966638136887453e-09 -2.695010910387271387e-09 -3.025005271508345134e-09 -3.273093536545323151e-09 -3.528034202307633277e-09 -3.817060098614639234e-09 -4.192604774433478112e-09
-5.854234914971293558e-10 -7.841567820274871342e-10 -2.109352427880465723e-09 -8.906775144942649408e-10 -9.171338502540516744e-10 -9.366660493904115378e-10 -9.525259166230941272e-10 -9.684887418189788566e-10 -9.842156695288284974e-10 -1.003453784021050864e-09 -7.841567820274871342e-10 -1.194306833487021569e-09 -1.340273007927609748e-09 -1.426871033008563311e-09 -1.490319909840477899e-09 -1.538383523488892088e-09 -1.578343125873097320e-09 -1.616381134657547584e-09 -1.655643905859448728e-09 -1.702571626077042041e-09 -2.109352427880465723e-09 -1.340273007927609748e-09 -1.535132463809479447e-09 -1.667792806771319261e-09 -1.764910790431000248e-09 -1.837085182639046483e-09 -1.900719561861026234e-09 -1.957981805831187446e-09 -2.017992962201415810e-09 -4.110574006097574537e-09 -8.906775144942649408e-10 -1.426871033008563311e-09 -1.667792806771319261e-09 -1.858611673643346218e-09 -1.988812024210741178e-09 -2.090132542900006969e-09 -2.174904650839904139e-09 -2.253936814240679788e-09 -2.336266364529486927e-09 -2.435060802948688275e-09 -9.171338502540516744e-10 -1.490319909840477899e-09 -1.764910790431000248e-09 -1.988812024210741178e-09 -2.152318576192988240e-09 -2.281718603059787226e-09 -2.390473395253166737e-09 -2.491454757499954775e-09 -2.596689885408261463e-09 -2.723363162171773872e-09 -9.366660493904115378e-10 -1.538383523488892088e-09 -1.837085182639046483e-09 -2.090132542900006969e-09 -2.281718603059787226e-09 -2.438938925258040983e-09 -2.573988977794799897e-09 -2.699149313558108469e-09 -2.829586704846902983e-09 -2.986985175395870809e-09 -9.525259166230941272e-10 -1.578343125873097320e-09 -1.900719561861026234e-09 -2.174904650839904139e-09 -2.390473395253166737e-09 -2.573988977794799897e-09 -2.735830668488831947e-09 -2.887333054191111513e-09 -3.045448836636334834e-09 -3.236615813284802956e-09 -9.684887418189788566e-10 -1.616381134657547584e-09 -1.957981805831187446e-09 -2.253936814240679788e-09 -2.491454757499954775e-09 -2.699149313558108469e-09 -2.887333054191111513e-09 -3.069456718092495591e-09 -3.261163755564884343e-09 -3.493637424834838864e-09 -9.842156695288284974e-10 -1.655643905859448728e-09 -2.017992962201415810e-09 -2.336266364529486927e-09 -2.596689885408261463e-09 -2.829586704846902983e-09 -3.045448836636334834e-09 -3.261163755564884343e-09 -3.496051181869435239e-09 -3.785334213533430339e-09 -1.003453784021050864e-09 -1.702571626077042041e-09 -4.110574006097574537e-09 -2.435060802948688275e-09 -2.723363162171773872e-09 -2.986985175395870809e-09 -3.236615813284802956e-09 -3.493637424834838864e-09 -3.785334213533430339e-09 -4.164862272383111489e-09
-5.561859162193366220e-10 -7.642310750128881854e-10 -8.237796639893179293e-10 -8.585004905514310568e-10 -8.847513567155488171e-10 -9.040895770652079765e-10 -9.198083756467103274e-10 -9.356572208191194025e-10 -9.512498755619132608e-10 -9.703213642312508016e-10 -7.642310750128881854e-10 -1.183253342111546031e-09 -1.305099189182920381e-09 -1.391100021662569308e-09 -1.454166232936023520e-09 -1.501877164761424024e-09 -1.541572183412111212e-09 -1.579391482784817516e-09 -1.618395050427396973e-09 -1.665013533152139673e-09 -8.237796639893179293e-10 -1.305099189182920381e-09 -1.513782291060023460e-09 -1.646703293700428540e-09 -1.743239213746128389e-09 -1.817364569496215478e-09 -1.879295960254059124e-09 -1.937441985159216483e-09 -1.997869865231615914e-09 -2.070171336788541448e-09 -8.585004905514310568e-10 -1.391100021662569308e-09 -1.646703293700428540e-09 -1.820781657226475757e-09 -1.950573555011087563e-09 -2.051519431808889429e-09 -5.483962847269123004e-10 -4.895105977487047990e-10 -2.323425614796762672e-09 -2.422882222785934146e-09 -8.847513567155488171e-10 -1.454166232936023520e-09 -1.743239213746128389e-09 -1.950573555011087563e-09 -2.113823572444425031e-09 -2.242990378708747451e-09 -2.351592238593295196e-09 -2.452464045410170901e-09 -2.557540089433031826e-09 -2.684037916108078415e-09 -9.040895770652079765e-10 -1.501877164761424024e-09 -1.817364569496215478e-09 -2.051519431808889429e-09 -2.242990378708747451e-09 -2.400178654428076347e-09 -2.535295764489693024e-09 -2.660551205766371020e-09 -2.791039907910218472e-09 -2.948522778221226722e-09 -9.198083756467103274e-10 -1.541572183412111212e-09 -1.879295960254059124e-09 -5.483962847269123004e-10 -2.351592238593295196e-09 -2.535295764489693024e-09 -2.697473193230191304e-09 -2.849356139436296205e-09 -3.007822971266944419e-09 -3.199443141655434280e-09 -9.356572208191194025e-10 -1.579391482784817516e-09 -1.937441985159216483e-09 -4.895105977487047990e-10 -2.452464045410170901e-09 -2.660551205766371020e-09 -2.849356139436296205e-09 -3.032260786501974821e-09 -3.224772348819494302e-09 -3.458262718178451642e-09 -9.512498755619132608e-10 -1.618395050427396973e-09 -1.997869865231615914e-09 -2.323425614796762672e-09 -2.557540089433031826e-09 -2.791039907910218472e-09 -3.007822971266944419e-09 -3.224772348819494302e-09 -3.461129477760031896e-09 -3.752347260686222386e-09 -9.703213642312508016e-10 -1.665013533152139673e-09 -2.070171336788541448e-09 -2.422882222785934146e-09 -2.684037916108078415e-09 -2.948522778221226722e-09 -3.199443141655434280e-09 -3.458262718178451642e-09 -3.752347260686222386e-09 -4.135486264454584777e-09
